[Camera]
cameraserver = haspp11exp03
cameraport = 8088

[ISMOscan]
tangohost = haspp11oh:10000
scancontroller = p11/galildmc/eh.02
steppercontroller = p11/galildmc/eh.04
scanx = p11/motor/eh.5.01
scany = p11/motor/eh.5.02
gonio = p11/motor/eh.t2.01
gonioz = p11/motor/eh.t2.02
onaxisx = p11/motor/eh.t2.03
onaxisy = p11/motor/eh.t2.04
onaxisz = p11/motor/eh.t2.05
beamstopx = p11/motor/eh.t2.06
beamstopy = p11/motor/eh.t2.07
beamtime = pontus1
onaxiszmountposition = -7000
goniozmountposition = 7000

[SavedSettings]
scale = 2.182
holepitch = 10.0
gridangle = -7.726
yzpitch = 0.0
beamsize = 5.0
beamx = 0
beamy = 0
scanname = tset
angleincstart = -56.0
angleincstop = 7.0
startrow = 2
stoprow = 3
frequency = 120
accpulses = 5

[Grid]
topleftx = -1377.083218
toplefty = -1024.0013558
toprightx = 2793.78322713
toprighty = -458.12972106
bottomleftx = -1583.31291329
bottomlefty = 496.054542503
bottomrightx = 2587.55353184
bottomrighty = 1061.92617724
centerx = 605.235156919
centery = 18.9624107215
angle = -7.72628285826
offsetx = 0.0
offsety = 0.0
width = 4209.078
height = 1533.98194943

